1547
1978
2501
13305
14659
17608
2839
1026
11047
1181
1931
2217
2437
25305
2750
12904
21758
8958
1946
19941
10733
10828
9012
1406
1926
2178
7576
11724
2468
4963
10866
1629
1074
11729
1629
17478
15649
15650
15651
15652
9663
1182
14888
15654
15655
2579
9095
1003
1149
11659
11726
12852
1932
9251
15683
2751
12100
15688
15686
11652
1431
11652
2910
7795
10816
1920
18870
2295
1654
14921
2003
2559
3273
2473
2531
1644
1806
2230
1620
7785
1202
7662
23326
11286
1715
1927
11724
1260
11725
1240
1991
2252
1197
1368
28015
28016
28014
28018
9372
11404
11780
21940
1753
11779
1238
1504
1916
1261
16916
16172
1786
1893
1305
14425
1764
1074
1992
14426
5052
7432
1759
6603
1941
16987
18809
1799
11727
2193
11055
11053
9461
14501
15486
10844
2240
2847
2457
11501
1744
15903
2170
1700
1806
1644
2003
13144
2531
20922
2461
22862
2624
1520
9657
11660
2482
11049
11066
1562
11570
14891
14499
21608
23288
21610
20057
20055
19236
15685
2138
5972
1238
1027
15488
25381
17298
6198
6105
13164
2591
5995
17845
7579
26607
7573
1916
10158
32069
2643
12904
16471
27945
17619
1707
23818
1669
